412
333
6858
2453
2214
7519
5754
8186
5443
7592
825
5315
167
32
8980
9485
126
60
5572
6561
8955
2362
4554
5895
3866
2939
1840
8915
6244
7102
4948
8774
2622
2932
1182
3839
1672
1788
3346
3557
7347
4469
6591
7755
9801
5547
4090
5705
1726
7168
6374
4435
4090
9549
9887
557
9608
2326
9463
5444
7796
2788
6727
941
339
1177
7052
6395
5733
502
2930
2524
2491
4114
1563
2518
98
1403
4621
6569
699
5027
2178
8923
5227
2536
1689
5686
5295
6870
1769
7912
5958
2555
7783
6039
2751
7818
8814
9198
3197
4800
9830
1353
8581
8449
917
1489
3413
8169
1771
6537
3156
9048
9371
2699
896
2139
2841
1537
4870
8191
2809
6231
7798
5534
6202
7205
1746
423
1493
1699
865
2851
8781
1120
7282
3214
7916
1076
1279
5362
6144
1459
563
5895
6734
973
1274
8639
2927
3796
2271
814
8229
9690
9776
9599
8352
780
8268
7920
8818
8550
5382
3899
9895
2628
9018
764
7441
8409
6175
1448
2570
8416
1426
2542
3817
7460
3751
1995
2131
1408
543
2164
6753
4465
8541
2022
3951
702
881
1324
4333
5337
7449
5711
6900
6188
586
9930
4236
1238
5281
3628
9652
1236
4359
640
8032
5020
7266
3642
8398
2180
3956
2336
2405
8070
1857
9871
5778
1573
1074
8446
9139
5297
3486
8654
1011
323
7286
84
970
4163
4819
5819
4023
9026
3153
2576
1341
2467
9770
2916
282
9937
2232
7128
2693
6196
124
5778
9182
9971
1618
3867
5676
9657
5051
1301
6744
304
7469
7865
538
268
7882
3519
7514
833
1726
5529
6776
5919
8701
1930
1602
7505
3591
5581
4483
2787
7344
9469
2035
8570
6711
510
8982
1685
7944
9794
9972
8160
1191
4274
2977
6096
7449
2507
6338
7146
7565
2627
8377
3386
3374
7333
7458
2345
9714
538
8477
3248
2715
3914
7885
1301
67
3400
5280
4470
6033
2281
2553
244
9730
7880
5286
8002
1916
621
3063
1002
7395
721
766
7657
1248
5679
2190
5025
8356
9169
3857
5580
9297
9448
4436
3567
6539
5574
8731
5646
8869
9447
6566
5367
8794
4580
6064
7942
6840
2309
5929
1638
1391
3494
6943
9742
5326
329
7377
9111
5891
5841
4915
3424
8349
5926
1086
1003
9744
4157
2919
6853
2612
7187
5481
5647
4122
7779
6893
5322
8245
6293
3537
3945
1467
2510
6332
5320
2640
3476
2723
3959
4217
1464
1324
5311
691
7879
9260
8129
7760
6748
4371
6864
6200
3237
5023
7064
4797
5834
1844
3315
5620
9619
5247
3342
8111
3754
4058
4673
8573
2369
3101
7697
3202
8002
4646
221
6352
9561
9007
9367
5327
2853
6130
6965
5519
5060
2801
4902
2938
2267
6710
7579
4402
8028
3304
6088
6114
2036
1226
5292
3967
4167
850
767
972
5798
2857
2353
1088
5112
274
548
5280
215
1010
2782
1871
4121
3969
7499
1097
8059
5781
6770
4097
1334
3974
5419
2110
1088
8795
4421
5308
5401
5911
2783
6626
7155
8332
6131
331
4220
9051
9577
3400
3758
8332
9348
4828
9206
3742
5203
9804
9531
4325
3711
8692
6218
7836
8932
3159
317
4926
8620
6223
3565
7312
8143
3862
1322
8120
7462
2489
5321
3101
1654
1629
991
6348
1769
1083
3554
9752
3571
205
5094
6198
3835
556
2177
1169
306
3026
8385
7270
7749
8829
5456
2810
4854
2253
5540
3811
5704
8759
3742
7534
1536
2228
1431
5011
2769
2169
3426
4603
3427
5928
4995
6794
7192
1018
1689
157
4840
6358
1087
8843
3573
6009
1263
6000
4886
6504
2813
5700
788
2662
2400
5748
3985
203
423
9909
9619
5532
3730
4532
5411
4189
5926
1511
8849
9947
4569
2348
7101
6661
1356
2104
5015
3387
3011
9233
2056
7118
5162
7137
7157
2848
50
5657
5775
466
581
5005
3000
6090
6919
1724
3850
2060
5523
4174
842
4977
9949
4428
1568
4849
2097
3987
7794
3011
9544
8155
8299
4335
4128
2295
7367
4118
4911
9490
1022
8124
8879
2486
3375
9791
3262
5134
7250
2210
1487
934
5850
276
4022
8940
3960
8416
6362
4336
8230
7501
2824
3586
9043
7777
6900
5174
3049
9798
3430
2660
2748
9703
7694
6932
8403
7729
7739
2676
479
8746
1097
2299
8862
5252
5570
993
7849
9472
1802
6889
4452
1239
4716
9696
4560
4035
8778
7980
2
3349
2102
7634
5077
9049
8103
7173
885
1329
9244
5129
5512
6762
5505
5954
671
504
4877
2873
4654
6945
9030
5461
2536
5702
9350
5776
9756
9405
4369
8000
3979
1878
8100
4203
6581
813
5915
7945
7961
1370
2306
7284
3506
1466
495
93
4809
9914
5379
9638
814
6212
833
9420
5375
8290
3489
9267
8300
447
8391
2142
7807
3450
7647
9075
7221
1642
2543
3340
2072
6717
1563
9059
6609
5229
4306
6289
3217
2888
4511
9492
9960
1091
8162
5187
9775
5212
4005
1498
9367
6518
3603
5985
2666
9305
8053
1259
8629
8831
5179
4276
6790
4421
3934
2463
2039
7895
4056
1602
4353
4348
7319
4731
5749
2221
6033
3110
6027
6739
5725
655
9167
9342
6030
7272
2302
5020
1311
6061
5298
8834
1280
2438
4545
5549
5102
978
9778
992
10
1420
4395
5106
7213
186
4120
1033
1080
5532
7336
1666
5917
4835
1658
3240
6081
9800
7913
2156
517
2657
5225
7088
419
9282
5777
9586
2400
6662
5545
1941
6256
7796
2179
4757
2460
7093
1495
7119
8317
4563
9996
3277
9058
9650
4722
469
6205
6525
655
571
9013
1225
9627
6998
6143
2025
1766
90
6955
603
2093
7665
3609
7034
6526
1449
1068
758
7162
1939
409
4474
6295
8462
9790
6428
2118
2808
5832
5647
6093
2152
2352
9804
9374
5188
8800
7690
2323
6290
4967
2801
4883
9755
5254
3442
9273
4201
3420
4429
5913
4818
4659
7281
631
6807
5126
4440
5869
3196
3195
611
150
634
5069
2665
62
2935
5345
4175
7765
2723
6157
4926
2892
5376
1349
35
6592
2720
2695
6381
14
1039
7684
5606
1140
5451
2597
4752
870
3373
39
3443
1795
4704
2132
6275
4687
2528
7627
7849
2760
1646
8921
8305
2998
1926
135
8695
636
1487
3629
7953
3828
7910
2342
4034
9184
4950
6528
4728
340
3116
8409
5357
4144
2158
7557
603
8759
7976
6804
9901
9059
3761
6864
795
4844
2600
9716
7727
7382
1233
8984
1540
8771
5972
4337
6781
8996
9434
8371
3362
7884
9014
4876
9532
4985
2048
7863
6549
6091
8135
4896
9694
1327
7586
453
2734
3429
6878
6748
7305
2679
4170
6579
2193
9747
6499
7322
4764
4374
6392
8720
7586
8899
5345
1523
6915
5573
6989
9551
5106
725
1430
7042
1290
680
6723
6321
154
7755
2394
8865
2973
7264
4063
3618
50
9858
7174
7273
1298
4083
9138
6489
7363
3705
2183
9274
1329
3313
9363
8771
4841
1445
500
7405
9663
9417
6255
1542
3408
3801
8869
5500
5934
6961
730
2902
6075
8959
4221
3750
6101
4928
2031
7075
4449
3086
5986
345
6498
8113
3129
5990
7337
6501
777
1855
7432
4913
3587
2962
9936
4068
9873
8501
4880
815
3793
5468
5950
1703
1412
4664
5313
1349
9204
8771
7559
8130
4783
8556
3574
2312
3167
8605
6567
6581
7453
4307
299
1031
3776
3256
3932
5551
9859
991
4169
7744
5930
6118
5726
5344
7313
7211
3595
1916
3622
9341
3157
1397
7068
7908
7311
3449
4597
8042
1821
3509
7458
1348
8911
773
151
4208
7592
9734
3358
2497
6888
60
5471
7303
7918
5203
9935
1907
6980
8531
6524
9122
8996
8444
4258
6139
8364
9779
9696
3644
3141
6207
4920
6261
5895
3125
7106
962
1210
4540
4584
2707
7506
8304
7668
2169
4999
8470
1401
9492
8549
4109
5618
4587
9308
9649
8168
7787
6840
8738
4638
6672
5728
1996
9411
6897
4840
2087
9169
6478
9972
1765
5685
5100
5694
6330
534
9222
9954
5592
3746
1038
5971
4285
3881
3456
7913
6232
1748
8227
9136
6810
5014
6831
907
4351
8413
4000
228
1399
1813
2266
3940
5162
6481
2618
5449
3892
8426
9741
6375
3729
5838
2945
763
9822
9326
8991
9096
6200
7074
4713
3889
3013
3714
8298
3494
2327
7382
6028
4613
8578
9854
9119
2994
7108
3869
6386
8556
6077
3665
959
1847
8373
7286
7334
5671
8026
3069
4671
3962
8309
3655
6808
2581
6551
4040
9927
8567
8798
8090
2091
1944
1426
7847
5959
3251
1113
6802
2118
4061
7341
9432
2756
7119
9479
5069
1072
4654
2385
1921
8471
2391
8523
2458
6336
8521
366
9163
3185
4612
7990
4210
4881
3235
3896
6128
3888
502
3312
4958
6091
3672
1393
5377
7882
1917
5488
5282
8207
5053
5488
7772
9354
6094
2922
8623
4294
1862
2212
709
5326
1868
9593
450
214
467
9012
849
2152
9816
9288
964
3772
6470
9716
762
8054
217
9777
1545
365
8364
8993
2464
1418
6576
9081
7202
7111
4065
6927
9847
4606
8134
8512
8079
96
6233
4649
2593
5574
7041
4900
8315
2364
7647
4641
5366
8950
5171
641
6191
5121
6505
216
9023
621
4458
4337
1141
9349
2800
542
6190
6280
3075
878
9739
7655
589
6091
2095
2021
1598
4813
4373
9144
5056
6488
1209
6613
8776
8020
6494
1556
251
7947
4021
382
3768
2592
1203
1633
7943
6764
7426
8967
7691
7168
6520
8055
7104
7089
4562
5568
6848
6840
6947
3801
8949
6179
7347
7389
9296
8494
7504
355
482
3555
1532
1778
1436
9692
5779
8508
6907
9109
5955
7958
2167
5392
4062
9312
3186
4089
2299
1494
4096
5080
1855
2473
5523
4929
8998
5745
4529
7928
2441
2697
1197
9448
9387
6243
3891
7215
2357
2313
5998
1266
4776
3246
1545
7338
5793
7307
6328
2201
509
8529
3445
9150
1154
4776
4846
4044
2452
374
6524
2305
9017
7899
9487
2158
7730
7211
9584
8981
3609
7291
3976
3819
4039
4770
7462
5753
1942
8578
9418
9419
4125
4807
4854
7501
9716
2450
9840
2542
1642
9404
7008
9377
18
925
4590
8346
9843
9645
7531
4881
973
3884
4062
9073
953
9071
2025
4088
5184
5376
2685
3529
6854
8498
4273
1699
4916
6664
8831
2497
8260
1535
9004
4543
2774
6766
5068
478
1797
2692
4124
3090
7922
113
5880
561
4721
8061
1081
9081
7245
7423
9790
7065
9462
6609
3506
646
7569
7479
4349
6461
6142
3702
2866
8296
9146
958
9768
4138
257
9417
755
1164
9224
8629
7347
2060
919
9496
1881
9291
3390
6961
8988
5582
2052
4406
2041
2263
5858
7840
3163
9674
2158
8705
1859
1616
6126
4576
7282
3764
1822
2627
9890
1504
8875
622
9756
2405
604
1539
2668
9767
5475
729
9193
3939
3921
4738
1629
4148
3952
9147
1455
9808
9320
5688
6074
444
4333
3602
8622
1212
289
7904
7263
1295
4441
1521
3790
8527
4703
1535
4457
8889
9151
3181
7741
8913
6359
2134
3950
9096
8775
2252
6333
9051
2920
9540
9178
6336
968
2016
3907
7572
6916
1176
5783
2164
2094
687
852
5698
3975
5578
3562
3207
5685
1102
201
963
6941
5046
6547
2671
750
2049
2028
2558
9427
5186
5448
5580
9066
5592
7279
2042
9324
7381
9471
6925
2857
473
2834
3132
6177
8672
7451
9222
3059
2375
4883
1699
4961
455
7899
2582
3463
2959
864
5633
1214
6630
1447
6048
29
7655
4200
1378
5006
5196
5140
4391
616
4413
9641
340
6341
4053
7107
7932
6248
2683
9873
932
1671
9552
9113
4369
3881
7886
4804
9229
7742
2342
4823
9206
6601
7593
1448
8291
365
3570
5784
3340
6643
4275
2445
4381
636
3162
8801
6169
5441
9482
6033
9810
3176
6619
7575
8712
34
2628
6062
7627
9496
3102
2033
2318
9645
2567
2653
3413
3512
8227
4166
8085
6224
506
2870
2303
6256
7593
1170
4007
7163
1662
1272
6777
1984
541
4922
3427
4318
8249
791
5542
7735
2807
6041
7808
7916
4412
234
802
8266
1938
9132
6034
3038
7734
1933
5008
2157
2920
572
9710
7202
1476
9603
3799
3875
37
5362
9995
9357
4006
5571
7117
5669
6725
2526
8195
4621
8944
2029
3044
1436
9827
3588
8463
383
6985
6126
7131
6916
7204
9930
5554
9951
7891
7257
6019
5322
4020
6966
3060
5161
1420
6800
493
4973
5016
4090
4411
5919
9087
9643
8038
1337
9151
100
8180
8868
1985
981
5930
219
7296
32
6395
1791
1998
5315
5677
6279
4050
1154
245
285
892
3826
4586
2499
7739
1012
692
9718
7443
3589
5021
493
9866
9000
5398
7688
6464
1481
2095
6826
5189
4944
6144
5199
6847
9200
4026
1921
75
5051
8493
8725
3684
3952
7909
5055
7821
9965
3359
42
3864
3832
2735
9995
8910
4582
7229
5769
4023
3954
1222
4507
1283
3186
9249
7115
6205
2373
2296
8268
7451
802
765
3419
2035
7818
1883
1656
9559
7742
7479
9862
1254
7117
9341
754
7649
187
9531
3820
5373
3366
3408
861
1153
8823
9801
6644
5003
5723
9157
1172
1437
886
1314
3760
4965
2772
9236
747
6298
5860
2582
2045
3805
2421
4861
5421
3374
2478
4615
9475
1427
4938
8832
4652
4333
8508
2020
8101
4457
833
3644
5672
6451
3054
7921
6283
888
339
2362
7122
4658
7078
4798
883
6378
1001
1387
4412
6498
6010
4246
8532
3533
3362
8719
3250
6504
8255
2773
3749
7170
3654
3185
7508
400
2528
1421
8691
9866
7632
2875
7409
2231
3981
4152
2664
1824
4241
24
9787
3419
3526
3809
4061
3064
1924
7592
9069
7201
3287
3798
8526
1640
3591
6516
8885
5047
6025
8733
5068
9911
5152
3847
692
7657
4624
7848
2656
9776
4502
1902
7660
9488
6503
1568
3802
5019
9929
277
5772
6113
7614
2932
9305
4496
637
1852
9375
868
9370
8886
4776
4049
8227
170
8507
4645
7205
7706
2524
6934
1713
3501
2288
2250
7526
5282
4872
8437
3997
1642
3643
6087
4890
889
3012
8094
905
3107
8633
3088
3542
5435
525
7170
3115
4633
5064
5010
7671
811
9411
5806
3508
8092
7625
3925
4538
6302
8275
5680
144
5209
4507
874
388
4606
7757
1569
9044
6336
7552
1221
4400
130
3330
7924
5089
7583
3683
306
3645
6431
5693
3590
2043
645
3329
6527
6917
2730
3558
7125
8773
1495
9174
507
3040
6453
595
2515
4912
519
5634
9724
568
305
2015
6890
3227
8799
5300
9579
6660
8910
2671
4521
9077
6661
3268
919
4598
5987
7770
3472
6360
2993
1113
1142
6484
4939
9192
9529
3109
6208
7589
2578
8586
2758
6334
1677
3148
1791
6815
4327
4884
2646
7937
6149
1853
8638
6514
1184
8018
7367
7490
16
4039
720
6396
5095
2757
6942
9560
8849
1492
5280
4367
695
4351
3123
8896
8117
6295
8023
5315
2736
6290
7789
8939
2703
9287
5010
4772
624
3057
5588
8132
935
9188
2844
900
4306
5031
8316
1717
1256
2949
6978
4297
2629
3388
1958
4114
5542
8689
6887
9738
3618
3685
8836
3940
5371
7479
4268
9819
4176
5383
261
670
3779
9087
7726
8092
7918
447
1044
8794
4896
3908
1126
239
9888
5673
1397
3447
8387
2477
6257
3422
9153
4135
4224
8119
8614
295
5319
171
6256
7635
2093
9542
3960
536
3880
428
1909
6878
151
2417
6020
2673
8033
1044
6077
3785
7620
5909
5984
3313
3036
5377
2446
9870
5789
2958
5531
9340
6345
7240
2481
3912
8200
5733
8468
9735
4386
1180
8264
100
8987
9281
2364
3742
6141
9435
5542
1855
689
5945
165
721
3282
7315
4935
6657
6494
4950
3125
3695
4367
8822
9350
8587
8932
864
7345
8295
9993
7398
8826
4570
8393
7305
2229
1387
1633
7340
7554
9325
7586
1341
8574
9848
3808
3122
6250
6242
5790
8825
6256
2833
3607
3104
6174
3458
4471
191
8663
6132
6249
6503
6223
7677
6589
5447
6719
6613
867
8225
7109
1192
751
6026
4918
9874
7960
5505
5695
136
2425
2260
9220
9330
5333
8262
6706
887
5036
3491
8699
2124
2011
331
3702
8902
7883
2585
6199
934
8809
3787
652
2523
8984
1737
1449
1588
7283
6035
5215
8332
9937
8804
6565
8292
6623
7555
1893
843
4547
1878
7151
4944
3715
5585
3401
4961
4212
6221
4936
8207
969
8337
8748
2021
1557
6831
4087
8910
2165
1631
9774
1222
9523
1359
8415
2437
7025
4473
627
2220
9143
7149
8848
3198
9755
1143
3468
7320
5490
907
2819
8504
1074
5207
2539
2544
4133
9796
3864
3440
1308
5410
141
1388
8059
7043
3231
8411
9141
4081
5321
4073
5594
5178
1045
8027
798
2775
3325
7200
4167
5092
2904
4676
5502
6649
9681
9270
3101
514
8149
7863
967
9093
3447
960
3407
6037
8905
2743
8665
9341
4668
4189
8944
1044
6141
5234
3676
6552
8438
9132
1666
2096
2076
1568
1143
4519
1733
2031
2031
6473
2436
6124
4375
8721
3336
7223
2379
3218
1918
3529
9271
4016
3845
3239
1926
3676
660
2185
1647
5046
2170
8709
3304
539
781
7573
8560
9051
309
8354
1495
8016
9458
5325
2827
3182
1178
5278
7244
8271
5305
3206
6983
4713
3176
514
3296
8338
1112
3940
211
5755
2226
6092
9920
3148
4574
4400
5045
3322
366
8066
9440
828
7229
3028
8823
9060
2287
922
1020
1537
734
4155
8994
5962
6593
2904
5347
8323
8819
7484
1095
5954
4637
4058
3154
7321
7962
7938
6461
9159
174
2312
2414
8623
4311
4127
6248
7208
6230
9077
475
2830
5108
3242
3508
3082
6778
755
6325
3784
9593
3999
1440
4684
4998
1425
3054
6242
9470
2443
1542
7170
1586
7482
3417
5746
1352
2045
2587
8955
1906
1099
3511
3537
8036
9325
8813
7476
9140
879
8769
2176
7525
3423
3740
3815
3759
8211
9424
5365
5421
2537
9993
4820
8017
2444
1096
7016
4364
1579
8286
174
304
3933
6265
6487
2435
1812
1197
5607
9961
2992
4302