2495
3132
7944
9918
7179
9491
7055
7752
6042
1687
5141
5830
2920
3462
7586
7900
7835
6095
6766
8727
8764
1038
1945
352
9118
2630
8658
6145
8939
5599
8873
6690
4483
1714
9421
9005
2531
7846
5629
7053
7531
8033
5070
2066
258
3426
5738
222
4803
2703
7772
9314
5044
4813
4381
2741
6550
6468
8397
363
7949
8079
4480
4220
1872
5953
256
8221
6745
6649
1772
1636
1429
8041
274
9148
8283
9528
8730
2084
9818
836
3381
5324
1086
2862
5244
3972
7622
4855
3163
5305
2099
3876
9851
3475
7186
33
7396
2506
4766
4801
4273
4286
6450
7083
64
9831
8432
121
506
6786
5501
9202
3194
4713
5588
601
6828
5132
3184
6296
1324
6835
2739
1429
4300
5807
2856
7587
9970
4790
8586
8697
2637
4001
5549
6049
6092
1408
3732
9787
9317
8425
1897
4765
2491
307
8895
1433
8903
221
2959
239
6432
9705
316
6515
5740
88
5645
255
6342
5557
4231
9117
8310
5323
2203
413
247
9898
5417
2284
8406
7366
3068
8399
938
6653
9388
2267
5464
5172
8556
991
4390
7705
3235
1180
7857
7763
4216
1240
2187
6420
4772
9128
687
942